1101
0
1484
2834
501
4168
414
2550
683
0
4177
0
3246
2476
2350
1514
13961
225
3779
0
0
168723
982
930
1923
4229
0
2013
0
1361
1067
741
2604
0
2081
2850
2523
0
660
10438
965
432
206631
0
0
1062
0
2180
0
8011
0
1058
0
504
5858
1071
594
0
0
78
3668
2408
1900
197978
432
0
1336
1096
1056
1770
891
8313
745
3347
1443
0
1674
3974
0
128
0
2009
0
3465
97293
1900
965
3779
2836
2970
2991
5470
0
6126
562
7117
0
3956
9357
1275
0
96
0
0
0
3333
3465
2408
10438
225
0
0
120
3373
126
4404
0
2845
1674
0
1340
0
3084
0
0
999
147105
0
0
3668
660
13961
1266
600
153
3115
0
0
1039
0
0
534
0
1661
0
0
154
93549
999
0
2009
78
0
1514
9038 
420
10492
2467
576
0
2312
5666
1430
0
1350
7607
909
0
97662
154
0
0
0
0
2523
2350
2856 
4785
1662
8163
187
11852
2057
8335
0
225
3922
0
0
3653
0
0
0
96
128
0
2850
2476
4050
6136
9459
7477
2372
8566
0
1405
2795
0
0
1050
0082
0
909
0
3084
0
0
594
2081
3246
6933
7542
9763
11465
4961
13708
4214
10997
345
0
320
84010
1050
0
7607
1661
0
1275
3974
1071
0 
0
4083
8589
16059
4490
14322
14528
5272
3889
5447
0
98385
320
0
3922
1350
0
1340
9357
1674
5858
2604
4177
3100 
8330
11807
0
22674
11332
254
11556
16033
40200
0
0
0
225
0
534
0
3956
0
504
741
0
576
8687
15693
8807
19455
7249
104
11940
27789
16033
5447
345
2795
0
1430
0
1674
0
1443
0
1061
683
8200
1798
11851
7956
9045
8701
11527
20149
11940
11556
3889
10997
1405
8335
5666
0
2845
7117
3347
1058
1361
2550
13061 
15487
27041
21019
2048
15552
31186
11527
104
254
5272
4214
0
2057
2312
1039
0
562
745
0
0
414
18596
6427
31763
21939
21625
36316
15552
8701
7249
11332
14528
13708
8566
11852
0
0
4404
6126
8313
8011
2013
4168
9040
20914
13976
13761
32202
21625
2048
9045
19455
22674
14322
4961
2372
187
576
0
126
0
891
0
0
501
16726
11062
25180
22566
13761
21939
21019
7956
8807
0
4490
11465
7477
8163
2467
3115
3373
5470
1770
2180
4229
2834
18827
20559
18005
25180
13976
31763
27041
11851
15693
11807
16059
9763
9459
1662
10492
153
120
2991
1056
0
1923
1484
8765
7850
20559
11062
20914
6427
15487
1798
8687
8330
8589
7542
6136
4785
420
600
0
2970
1096
1062
930
0
0
8765
18827
16726
9040
18596
13061
8200
576
3100
4083
6933
4050
2856
9038
1266
0
2836
1336
0
982
1101